#constants
deg2rad   <-  0.017453293  		#convert degrees to radians
halfbeam  	<- 0.008464847      #0.485 degree half power radar beam width of 3 dB beam in radians
earthe   		<- 6378137	#earth radius
rad2deg <-  57.295779513
WDZ <- "%Y%m%d-%H%M%S"
